start=177.400000
volume=52.000000
